300 0.019227
305 1.035266
310 2.051305
315 4.917872
320 7.784438
325 11.271460
330 14.758481
335 16.358619
340 17.958757
345 19.489960
350 21.021163
355 22.486906
360 23.952650
365 25.462641
370 26.972631
375 25.735915
380 24.499199
385 27.190478
390 29.881756
395 39.602286
400 49.322816
405 52.925542
410 56.528269
415 58.288407
420 60.048545
425 58.939356
430 57.830168
435 66.334040
440 74.837913
445 81.048982
450 87.260051
455 88.941989
460 90.623926
465 91.001066
470 91.378205
475 93.247810
480 95.117416
485 93.543685
490 91.969955
495 93.849760
500 95.729564
505 96.173834
510 96.618105
515 96.875178
520 97.132251
525 99.616854
530 102.101456
535 101.428857
540 100.756258
545 101.536994
550 102.317730
555 101.158865
560 100.000000
565 98.867202
570 97.734403
575 98.325538
580 98.916673
585 96.206800
590 93.496928
595 95.590860
600 97.684793
605 98.475058
610 99.265324
615 99.151190
620 99.037057
625 97.376990
630 95.716923
635 97.284119
640 98.851315
645 97.256246
650 95.661177
655 96.922040
660 98.182904
665 100.589169
670 102.995434
675 101.060232
680 99.125030
685 93.249568
690 87.374106
695 89.484970
700 91.595834
705 92.238637
710 92.881441
715 84.864976
720 76.848512
725 81.676644
730 86.504777
735 89.538910
740 92.573042
745 85.398644
750 78.224246
755 67.955848
760 57.687450
765 70.302114
770 82.916777
775 80.592512
780 78.268246
785 78.908379
790 79.548512
795 76.472313
800 73.396114
805 68.655848
810 63.915583
815 67.343716
820 70.771848
825 72.604047
830 74.436247

